tests/regression_data/data/payload/M1.ecsv
# %ECSV 1.0
# ---
# datatype:
# - {name: Wavelength, unit: um, datatype: float64}
# - {name: Reflectivity, datatype: float64}
# - {name: Emissivity, datatype: float64}
# delimiter: ','
# meta: !!omap
# - __serialized_columns__:
#     Emissivity:
#       __class__: astropy.units.quantity.Quantity
#       unit: &id001 !astropy.units.Unit {unit: ''}
#       value: !astropy.table.SerializedColumn {name: Emissivity}
#     Reflectivity:
#       __class__: astropy.units.quantity.Quantity
#       unit: *id001
#       value: !astropy.table.SerializedColumn {name: Reflectivity}
#     Wavelength:
#       __class__: astropy.units.quantity.Quantity
#       unit: !astropy.units.Unit {unit: um}
#       value: !astropy.table.SerializedColumn {name: Wavelength}
# schema: astropy-2.0
Wavelength,Reflectivity,Emissivity
0.65,0.9,0.03
0.7000000000000001,0.9,0.03
0.7500000000000001,0.9,0.03
0.8000000000000002,0.9,0.03
0.8500000000000002,0.9,0.03
0.9000000000000002,0.9,0.03
0.9500000000000003,0.9,0.03
1.0000000000000004,0.9,0.03
1.0500000000000003,0.9,0.03
1.1000000000000005,0.9,0.03
1.1500000000000004,0.9,0.03
1.2000000000000006,0.9,0.03
1.2500000000000004,0.9,0.03
1.3000000000000007,0.9,0.03
1.3500000000000005,0.9,0.03
1.4000000000000008,0.9,0.03
1.4500000000000006,0.9,0.03
1.5000000000000009,0.9,0.03
1.5500000000000007,0.9,0.03
1.600000000000001,0.9,0.03
1.6500000000000008,0.9,0.03
1.700000000000001,0.9,0.03
1.7500000000000009,0.9,0.03
1.8000000000000012,0.9,0.03
1.850000000000001,0.9,0.03
1.9000000000000012,0.9,0.03
1.950000000000001,0.9,0.03
2.0000000000000013,0.9,0.03
2.050000000000001,0.9,0.03
2.1000000000000014,0.9,0.03
2.1500000000000012,0.9,0.03
2.2000000000000015,0.9,0.03
2.2500000000000013,0.9,0.03
2.3000000000000016,0.9,0.03
2.3500000000000014,0.9,0.03
2.4000000000000017,0.9,0.03
2.4500000000000015,0.9,0.03
2.5000000000000018,0.9,0.03
2.5500000000000016,0.9,0.03
2.600000000000002,0.9,0.03
2.6500000000000017,0.9,0.03
2.7000000000000015,0.9,0.03
2.7500000000000018,0.9,0.03
2.800000000000002,0.9,0.03
2.850000000000002,0.9,0.03
2.9000000000000017,0.9,0.03
2.950000000000002,0.9,0.03
3.000000000000002,0.9,0.03
3.050000000000002,0.9,0.03
3.100000000000002,0.9,0.03
3.150000000000002,0.9,0.03
3.2000000000000024,0.9,0.03
3.250000000000002,0.9,0.03
3.300000000000002,0.9,0.03
3.3500000000000023,0.9,0.03
3.4000000000000026,0.9,0.03
3.4500000000000024,0.9,0.03
3.500000000000002,0.9,0.03
3.5500000000000025,0.9,0.03
3.6000000000000028,0.9,0.03
3.6500000000000026,0.9,0.03
3.7000000000000024,0.9,0.03
3.7500000000000027,0.9,0.03
3.800000000000003,0.9,0.03
3.8500000000000028,0.9,0.03
3.9000000000000026,0.9,0.03
3.950000000000003,0.9,0.03
4.0000000000000036,0.9,0.03
4.050000000000003,0.9,0.03
4.100000000000003,0.9,0.03
4.150000000000003,0.9,0.03
4.200000000000004,0.9,0.03
4.2500000000000036,0.9,0.03
4.300000000000003,0.9,0.03
4.350000000000003,0.9,0.03
4.400000000000004,0.9,0.03
4.450000000000004,0.9,0.03
