tests/regression_data/data/payload/QE.ecsv
# %ECSV 1.0
# ---
# datatype:
# - {name: Wavelength, unit: um, datatype: float64}
# - {name: Photometer, datatype: float64}
# - {name: Spectrometer, datatype: float64}
# delimiter: ','
# meta: !!omap
# - __serialized_columns__:
#     Photometer:
#       __class__: astropy.units.quantity.Quantity
#       unit: &id001 !astropy.units.Unit {unit: ''}
#       value: !astropy.table.SerializedColumn {name: Photometer}
#     Spectrometer:
#       __class__: astropy.units.quantity.Quantity
#       unit: *id001
#       value: !astropy.table.SerializedColumn {name: Spectrometer}
#     Wavelength:
#       __class__: astropy.units.quantity.Quantity
#       unit: !astropy.units.Unit {unit: um}
#       value: !astropy.table.SerializedColumn {name: Wavelength}
# schema: astropy-2.0
Wavelength,Photometer,Spectrometer
0.65,0.7,0.8
0.7000000000000001,0.7,0.8
0.7500000000000001,0.7,0.8
0.8000000000000002,0.7,0.8
0.8500000000000002,0.7,0.8
0.9000000000000002,0.7,0.8
0.9500000000000003,0.7,0.8
1.0000000000000004,0.7,0.8
1.0500000000000003,0.7,0.8
1.1000000000000005,0.7,0.8
1.1500000000000004,0.7,0.8
1.2000000000000006,0.7,0.8
1.2500000000000004,0.7,0.8
1.3000000000000007,0.7,0.8
1.3500000000000005,0.7,0.8
1.4000000000000008,0.7,0.8
1.4500000000000006,0.7,0.8
1.5000000000000009,0.7,0.8
1.5500000000000007,0.7,0.8
1.600000000000001,0.7,0.8
1.6500000000000008,0.7,0.8
1.700000000000001,0.7,0.8
1.7500000000000009,0.7,0.8
1.8000000000000012,0.7,0.8
1.850000000000001,0.7,0.8
1.9000000000000012,0.7,0.8
1.950000000000001,0.7,0.8
2.0000000000000013,0.7,0.8
2.050000000000001,0.7,0.8
2.1000000000000014,0.7,0.8
2.1500000000000012,0.7,0.8
2.2000000000000015,0.7,0.8
2.2500000000000013,0.7,0.8
2.3000000000000016,0.7,0.8
2.3500000000000014,0.7,0.8
2.4000000000000017,0.7,0.8
2.4500000000000015,0.7,0.8
2.5000000000000018,0.7,0.8
2.5500000000000016,0.7,0.8
2.600000000000002,0.7,0.8
2.6500000000000017,0.7,0.8
2.7000000000000015,0.7,0.8
2.7500000000000018,0.7,0.8
2.800000000000002,0.7,0.8
2.850000000000002,0.7,0.8
2.9000000000000017,0.7,0.8
2.950000000000002,0.7,0.8
3.000000000000002,0.7,0.8
3.050000000000002,0.7,0.8
3.100000000000002,0.7,0.8
3.150000000000002,0.7,0.8
3.2000000000000024,0.7,0.8
3.250000000000002,0.7,0.8
3.300000000000002,0.7,0.8
3.3500000000000023,0.7,0.8
3.4000000000000026,0.7,0.8
3.4500000000000024,0.7,0.8
3.500000000000002,0.7,0.8
3.5500000000000025,0.7,0.8
3.6000000000000028,0.7,0.8
3.6500000000000026,0.7,0.8
3.7000000000000024,0.7,0.8
3.7500000000000027,0.7,0.8
3.800000000000003,0.7,0.8
3.8500000000000028,0.7,0.8
3.9000000000000026,0.7,0.8
3.950000000000003,0.7,0.8
4.0000000000000036,0.7,0.8
4.050000000000003,0.7,0.8
4.100000000000003,0.7,0.8
4.150000000000003,0.7,0.8
4.200000000000004,0.7,0.8
4.2500000000000036,0.7,0.8
4.300000000000003,0.7,0.8
4.350000000000003,0.7,0.8
4.400000000000004,0.7,0.8
4.450000000000004,0.7,0.8
