examples/data/HD209458b.csv
# %ECSV 1.0
# ---
# datatype:
# - {name: Wavelength, unit: um, datatype: float64}
# - {name: rp/rs, datatype: float64}
# schema: astropy-2.0
Wavelength rp/rs
[from data line 5926]
1.8717531075867984 0.12431681925569597
1.8703814830690098 0.1242856137169668
1.8690098585512218 0.12426034715238983
1.8676382340334334 0.12453588088473844
1.866266609515645 0.12398820939402692
1.864894984997857 0.12438644650740836
1.8635233604800687 0.12447086846250516
1.8621517359622806 0.12428565584493742
1.8607801114444917 0.1245203651228214
1.859408486926704 0.12462065294929989
1.8580368624089156 0.12421598222850529
1.8566652378911273 0.12487505545462063
1.8552936133733393 0.12422794110465891
1.853921988855551 0.12442263794504702
1.8525503643377625 0.12436184213436961
1.8511787398199742 0.12407709658465725
1.849807115302186 0.1240710937881378
1.8484354907843978 0.12420096709343192
1.8470638662666097 0.12398146834728886
1.8456922417488217 0.12402813224474152
1.8443206172310331 0.1242951759909587
1.8429489927132447 0.12428001691211439
1.8415773681954564 0.12439186520534716
1.8402057436776684 0.12402342073902582
1.83883411915988 0.12402843631801926
1.8374624946420917 0.12420702987351402
1.8360908701243037 0.12377364381234687
1.8347192456065153 0.1243517663770444
1.833347621088727 0.1242069226728974
1.8319759965709386 0.12408160280568899
1.8306043720531506 0.1240774152595643
1.8292327475353622 0.12380042650017113
1.827861123017574 0.12432409205538604
1.8264894984997857 0.12378618298823357
1.8251178739819975 0.1239281763357178
1.8237462494642092 0.12391056693686356
1.8223746249464212 0.12432291157900166
1.8210030004286328 0.1239465555830534
1.8196313759108445 0.12370261026620577
1.818259751393056 0.1241085648494435
1.8168881268752681 0.1239726854765952
1.8155165023574795 0.12382191944316337
1.8141448778396914 0.12375404944508396
1.8127732533219034 0.1240394979557459
1.811401628804115 0.12412152320725776
1.8100300042863267 0.12388989898020909
1.8086583797685383 0.12379588107232671
1.8072867552507503 0.12429485434799328
1.805915130732962 0.12415550657069489
1.8045435062151736 0.12387630538950378
1.8031718816973856 0.12399745727239093
1.8018002571795975 0.1244084149129988
1.8004286326618089 0.12418952808900122
1.7990570081440205 0.1238127920773828
1.7976853836262325 0.12419685488321215
1.7963137591084442 0.12408332124401254
1.7949421345906555 0.1238224387110639
1.793570510072868 0.12392417212930155
1.7921988855550794 0.12387565619889424
1.7908272610372913 0.12379858504724305
1.7894556365195027 0.12409061043191633
1.788084012001715 0.12387624856925646
1.7867123874839264 0.12381730390333755
1.785340762966138 0.12401686281523401
1.78396913844835 0.12366117961465922
1.7825975139305617 0.12386332167693268
1.7812258894127733 0.12423562506704151
1.7798542648949849 0.12381994887938066
1.778482640377197 0.1238701522937507
1.7771110158594086 0.12385163971927268
1.7757393913416202 0.1240760435031318
1.7743677668238322 0.12375609870809884
1.7729961423060439 0.12421236878875401
1.7716245177882555 0.12385766773708314
1.770252893270467 0.12365004474985834
1.7688812687526791 0.12398995350452839
1.7675096442348908 0.12383583480268669
1.7661380197171024 0.12367414267480802
1.7647663951993144 0.12390166758347364
1.763394770681526 0.12367785520436611
1.7620231461637377 0.12389520573381718
1.7606515216459495 0.1238394017017588
1.7592798971281614 0.12362533574011739
1.7579082726103732 0.12378646157361291
1.7565366480925844 0.12374451351649701
1.7551650235747966 0.12378374309064048
1.7537933990570083 0.1236954535594424
1.7524217745392199 0.12377904021029185
1.7510501500214317 0.12384745943789927
1.7496785255036438 0.1236597452974977
1.7483069009858552 0.12375053360574964
1.7469352764680668 0.1237279933124354
1.7455636519502788 0.12374298113292378
1.7441920274324905 0.12372151564681415
1.742820402914702 0.12368726472989566
1.741448778396914 0.12381523763287994
1.7400771538791255 0.12383610011958794
1.7387055293613374 0.12373168458056948
1.737333904843549 0.12371026913054953
1.735962280325761 0.12377428191186157
1.7345906558079724 0.12376119643973756
1.7332190312901843 0.12364127616313755
1.7318474067723963 0.12386167628445234
1.730475782254608 0.1237053012133667
1.7291041577368196 0.1237751750923985
1.7277325332190312 0.12384566140828906
1.7263609087012433 0.12367584206792331
1.7249892841834547 0.12367717217025033
1.7236176596656665 0.12377093385864962
1.7222460351478786 0.12376573152173184
1.7208744106300902 0.12367070971504586
1.719502786112302 0.12367112389902914
1.7181311615945134 0.12373979617844381
1.7167595370767255 0.12368058909663235
1.715387912558937 0.12376828261734767
1.7140162880411487 0.12377333617136586
1.7126446635233608 0.12375949820768747
1.7112730390055724 0.12367251610994698
1.709901414487784 0.12368385257762543
1.7085297899699956 0.1237365805230698
1.7071581654522077 0.12369041985972919
1.7057865409344193 0.12370988896846907
1.704414916416631 0.12377370254706362
1.7030432918988432 0.1237343028736504
1.7016716673810546 0.12377659956938443
1.7003000428632662 0.12378638068615215
1.6989284183454778 0.12376868709822046
1.6975567938276899 0.12379697004276993
1.6961851693099015 0.12374347766431013
1.694813544792113 0.12372195556546087
1.6934419202743252 0.12376834510359233
1.6920702957565368 0.12375064001704385
1.6906986712387484 0.12375851130633797
1.68932704672096 0.12374743698152622
1.687955422203172 0.12373694414108607
1.6865837976853837 0.12372227173342847
1.6852121731675955 0.12374375214843257
1.6838405486498074 0.12374426196285469
1.6824689241320188 0.12371823032145139
1.6810972996142306 0.12378413975182982
1.6797256750964422 0.12373590494351336
1.6783540505786543 0.12378306370020764
1.676982426060866 0.12381804016624776
1.6756108015430775 0.1238034308186389
1.6742391770252896 0.12381314169914957
1.6728675525075012 0.12387901268777905
1.6714959279897128 0.12379721901547948
1.6701243034719244 0.12385682515156202
1.6687526789541365 0.12379478629412265
1.6673810544363479 0.12385826799042805
1.6660094299185597 0.12381783229320537
1.6646378054007718 0.12374052304813965
1.6632661808829836 0.12369301550433179
1.661894556365195 0.12368987391601667
1.6605229318474066 0.12369093097462557
1.6591513073296187 0.12365994131820346
1.6577796828118303 0.12370942409264546
1.656408058294042 0.12368751536510933
1.6550364337762542 0.12367423530456147
1.6536648092584656 0.12368051839940207
1.6522931847406772 0.12371519266549284
1.6509215602228893 0.12371436723370695
1.649549935705101 0.12370663520124098
1.6481783111873125 0.12376745252922945
1.646806686669524 0.1237423262412957
1.6454350621517362 0.1236787397829637
1.6440634376339478 0.1237590509793335
1.6426918131161594 0.12367651973344064
1.6413201885983715 0.12380757775791815
1.6399485640805833 0.12382450130586112
1.6385769395627947 0.12378193767568185
1.6372053150450063 0.12384649721590477
1.6358336905272184 0.12379867963079158
1.63446206600943 0.12370201400624348
1.6330904414916416 0.12379369759861537
1.6317188169738537 0.12380526599859658
1.6303471924560653 0.12375766971438826
1.6289755679382767 0.12387278813613577
1.6276039434204885 0.12385145597586045
1.6262323189027006 0.12385351811021558
1.6248606943849122 0.12381701156709497
1.6234890698671238 0.12388755211979138
1.6221174453493359 0.12378367822999732
1.6207458208315475 0.12385974806722783
1.6193741963137591 0.12392386006455205
1.6180025717959707 0.12382081727794801
1.6166309472781828 0.12380751746219326
1.6152593227603944 0.12383348600380661
1.613887698242606 0.12384947613368685
1.612516073724818 0.12378164454953915
1.6111444492070297 0.12377397810853752
1.6097728246892413 0.12388297007364736
1.608401200171453 0.12379453269942534
1.607029575653665 0.12385688627421002
1.6056579511358766 0.12390709686904959
1.6042863266180882 0.12377856075508077
1.6029147021003003 0.12390072579029975
1.601543077582512 0.12377343476719678
1.6001714530647235 0.12382362511215735
1.5987998285469351 0.12380930249913294
1.5974282040291472 0.1237601885043356
1.5960565795113588 0.12382530767783521
1.5946849549935704 0.12394652093674378
1.5933133304757825 0.12381152498638893
1.5919417059579941 0.12389846608932731
1.5905700814402057 0.12383980325011194
1.5891984569224173 0.12383171179857795
1.5878268324046294 0.12378206763579054
1.586455207886841 0.12385916038012425
1.5850835833690526 0.12397763395055213
1.5837119588512647 0.12399794814329598
1.5823403343334763 0.1239544144281137
1.580968709815688 0.12404569864860895
1.5795970852978996 0.12386810002879879
1.5782254607801116 0.12402271617273837
1.5768538362623232 0.1238543428106722
1.5754822117445348 0.12405709312520659
1.574110587226747 0.12394293206335784
1.5727389627089585 0.1239085271867305
1.5713673381911701 0.12399419664953094
1.5699957136733822 0.12425940452598701
1.5686240891555938 0.12396000562011818
1.5672524646378054 0.12396882090158169
1.565880840120017 0.12395692679553405
1.564509215602229 0.12404833996919357
1.5631375910844407 0.12394590429653803
1.5617659665666523 0.12394905218007134
1.5603943420488644 0.12403599865867757
1.559022717531076 0.12395922288982247
1.5576510930132876 0.1242231893389828
1.5562794684954993 0.12422996765169776
1.5549078439777113 0.12438608003114786
1.553536219459923 0.1240142084513071
1.5521645949421345 0.12406620060534558
1.5507929704243466 0.12405636007762652
1.5494213459065582 0.12418575294934735
1.5480497213887698 0.12413399060902941
1.5466780968709815 0.12426493394188809
1.5453064723531935 0.12405843583146653
1.5439348478354051 0.1242493095044147
1.5425632233176167 0.1240522050485048
1.5411915987998288 0.12416689873976523
1.5398199742820404 0.12424584907519798
1.538448349764252 0.12417008209426118
1.5370767252464637 0.12427440081943415
1.5357051007286757 0.12413634097413427
1.5343334762108873 0.12418710299479037
1.532961851693099 0.12420929971368241
1.531590227175311 0.12407596137381698
1.5302186026575226 0.12419765134429986
1.5288469781397342 0.1241073680888257
1.5274753536219459 0.124194654575884
1.526103729104158 0.12403634198618595
1.5247321045863695 0.12425834777935364
1.5233604800685812 0.12407114755916361
1.5219888555507932 0.12434438931341575
1.5206172310330048 0.12410852102744722
1.5192456065152165 0.12408064057823272
1.517873981997428 0.12410366810616669
1.5165023574796401 0.12400352771295116
1.5151307329618517 0.12439364039380406
1.5137591084440634 0.12413100095188809
1.5123874839262754 0.12424947039763426
1.511015859408487 0.12414348543127546
1.5096442348906987 0.12395643468795278
1.5082726103729103 0.12393648665616125
1.5069009858551223 0.12395166358926482
1.505529361337334 0.12389516158862257
1.5041577368195456 0.12394819555239142
1.5027861123017576 0.12394807946667659
1.5014144877839692 0.12407717448729849
1.5000428632661809 0.12399145252486692
1.4986712387483925 0.12404496234505881
1.4972996142306045 0.12394754431000046
1.4959279897128162 0.12397969141053602
1.4945563651950278 0.12404472953158033
1.4931847406772398 0.12389025296217979
1.4918131161594514 0.12397723079514356
1.490441491641663 0.12391257259736933
1.4890698671238751 0.12403276370484508
1.4876982426060867 0.12415418058320046
1.4863266180882984 0.12382851197122895
1.48495499357051 0.12399992922771039
1.483583369052722 0.12387729055180666
1.4822117445349337 0.12395122541216162
1.4808401200171453 0.12399446260684698
1.4794684954993573 0.12415553927240594
1.478096870981569 0.12382906948255779
1.4767252464637806 0.1240882896308372
1.4753536219459922 0.12424435579125692
1.4739819974282042 0.12408976476360797
1.4726103729104159 0.1240811332632246
1.4712387483926275 0.12404049282324019
1.4698671238748395 0.1241885201272476
1.4684954993570511 0.12418607596117838
1.4671238748392628 0.12383744233256504
1.4657522503214744 0.12393192445590881
1.4643806258036864 0.12405820628984625
1.463009001285898 0.12395251880652797
1.4616373767681097 0.1240002117784377
1.4602657522503217 0.12386748820937346
1.4588941277325334 0.12372287227205649
1.457522503214745 0.1241261749169931
1.4561508786969566 0.12400096332136377
1.4547792541791686 0.12375122830214041
1.4534076296613803 0.1238800958208599
1.4520360051435919 0.1237214404534688
1.450664380625804 0.12414243366023314
1.4492927561080156 0.1237363055071199
1.4479211315902272 0.12371467319904283
1.4465495070724388 0.12360820096590623
1.4451778825546509 0.1239782068009669
1.4438062580368625 0.12388198917674755
1.442434633519074 0.12369225552356183
1.4410630090012861 0.12367974966410294
1.4396913844834978 0.12383903881461267
1.4383197599657094 0.12366162242443741
1.436948135447921 0.1237412494456121
1.435576510930133 0.12367973852470625
1.4342048864123447 0.12436259279271164
1.4328332618945563 0.12373378749379856
1.4314616373767683 0.12382025397046671
1.43009001285898 0.12364542217615028
1.4287183883411916 0.12397645129775015
1.4273467638234032 0.12366715779988112
1.4259751393056153 0.12381210401416577
1.4246035147878269 0.12381901616923723
1.4232318902700385 0.12393347215716027
1.4218602657522506 0.12377045069588934
1.4204886412344622 0.12377610209470605
1.4191170167166738 0.12385381467247736
1.4177453921988854 0.1238925105005488
1.4163737676810975 0.12374002909640049
1.415002143163309 0.12359221955699917
1.4136305186455207 0.12376066420177223
1.4122588941277328 0.12359511078716082
1.4108872696099444 0.12377627472092033
1.409515645092156 0.1238641372516408
1.408144020574368 0.12381744762065912
1.4067723960565797 0.12363704085630133
1.4054007715387913 0.12390213894412846
1.404029147021003 0.1238585895308161
1.402657522503215 0.12363799621360068
1.4012858979854266 0.12385996671682802
1.3999142734676382 0.12374973299002442
1.39854264894985 0.12378146209033478
1.3971710244320619 0.12389097628834163
1.3957993999142735 0.12367232826834253
1.3944277753964853 0.12363337795862096
1.3930561508786972 0.12365382771255606
1.3916845263609088 0.12372521547374918
1.3903129018431204 0.12363487137704421
1.3889412773253322 0.12353617512120758
1.387569652807544 0.1237048101939354
1.3861980282897557 0.1235876633844159
1.3848264037719675 0.12366560141299088
1.3834547792541794 0.1235868926285406
1.382083154736391 0.12374991613440534
1.3807115302186026 0.12374410715898454
1.3793399057008144 0.12373372128323222
1.3779682811830263 0.12354189028024729
1.376596656665238 0.12352862891160356
1.3752250321474497 0.12352477118547703
1.3738534076296616 0.12375502186946505
1.3724817831118732 0.12358771583220053
1.3711101585940848 0.12366050369651424
1.3697385340762966 0.12378507248375621
1.3683669095585085 0.12368248319562576
1.36699528504072 0.12395017961307617
1.365623660522932 0.1238404646008337
1.3642520360051438 0.12379722899740153
1.3628804114873554 0.12363001158912616
1.361508786969567 0.12369135166116303
1.3601371624517788 0.12370072172290417
1.3587655379339907 0.12352429258046822
1.3573939134162023 0.12384872821781204
1.3560222888984141 0.12364517057570523
1.354650664380626 0.12377902447412707
1.3532790398628376 0.12354359129611775
1.3519074153450492 0.12366851364357415
1.350535790827261 0.12390099233675364
1.349164166309473 0.12318392890673985
1.3477925417916845 0.12370196493014779
1.3464209172738963 0.12377339267433307
1.3450492927561082 0.12354964626066871
1.3436776682383198 0.12341768260561671
1.3423060437205314 0.12407283231880732
1.3409344192027433 0.12346064332849994
1.339562794684955 0.12392139675141703
1.3381911701671667 0.12324836541496725
1.3368195456493785 0.12360020594892308
1.3354479211315904 0.12367828164985731
1.334076296613802 0.12319377816435217
1.3327046720960136 0.1232723831907832
1.3313330475782257 0.12326370282713939
1.3299614230604373 0.1231105533002128
1.328589798542649 0.12300928795985223
1.3272181740248608 0.12300453135254942
1.3258465495070726 0.12297521852823867
1.3244749249892842 0.12309217478609494
1.3231033004714958 0.12294253106997442
1.3217316759537079 0.12291681134577664
1.3203600514359195 0.12297479685269798
1.3189884269181311 0.12300789027343714
1.317616802400343 0.12293819806513749
1.3162451778825548 0.12290303557018953
1.3148735533647664 0.12296328891247578
1.3135019288469783 0.12297229211030106
1.31213030432919 0.12293602051970053
1.3107586798114017 0.12293375496341928
1.3093870552936133 0.12287788802632274
1.3080154307758252 0.12284232605342904
1.306643806258037 0.1228823393199555
