examples/data/HD209458b.csv
# %ECSV 1.0
# ---
# datatype:
# - {name: Wavelength, unit: um, datatype: float64}
# - {name: rp/rs, datatype: float64}
# schema: astropy-2.0
Wavelength rp/rs
[from data line 6754]
0.7360480068581225 0.12267715890717178
0.7346763823403344 0.12268104180268107
0.7333047578225461 0.12268726318551104
0.7319331333047578 0.12269474987123477
0.7305615087869697 0.12270150619909935
0.7291898842691813 0.12269953209061102
0.7278182597513931 0.12271148969136811
0.7264466352336048 0.12271137065164081
0.7250750107158166 0.12271593640684571
0.7237033861980283 0.12272374551630685
0.72233176168024 0.1227235243035286
0.7209601371624519 0.1227354786699184
0.7195885126446635 0.12273282584733942
0.7182168881268753 0.12274686631455947
0.7168452636090871 0.12276866068562359
0.7154736390912988 0.1227476440214742
0.7141020145735105 0.12274971945781725
0.7127303900557223 0.12275492856072653
0.7113587655379341 0.12275921255700434
0.7099871410201457 0.12276434924575108
0.7086155165023575 0.12277097020975213
0.7072438919845693 0.12277583838945826
0.705872267466781 0.12277905006528807
0.7045006429489927 0.12278595078970334
0.7031290184312045 0.12279006902016078
0.7017573939134163 0.12279436445304859
0.7003857693956279 0.12279950799232231
0.6990141448778397 0.12280472799804298
0.6976425203600515 0.12280979477636315
0.6962708958422632 0.12281558294864932
0.6948992713244749 0.12282113152443887
0.6935276468066867 0.12282832546574561
0.6921560222888985 0.12283394029591468
0.6907843977711101 0.1228360371208858
0.689412773253322 0.1228413125709038
0.6880411487355337 0.12284666091422443
0.6866695242177454 0.12285208282043952
0.6852978996999572 0.12285737485065071
0.6839262751821689 0.12286284327372851
0.6825546506643807 0.12286820949625402
0.6811830261465924 0.12287363504415585
0.6798114016288042 0.12287916786100087
0.6784397771110159 0.12288471510481952
0.6770681525932276 0.12289009867166947
0.6756965280754395 0.12289555439457521
0.6743249035576511 0.12290125274228837
0.6729532790398629 0.12290685726713098
0.6715816545220746 0.12291243610853722
0.6702100300042864 0.12291808084329264
0.6688384054864981 0.1229237856760414
0.6674667809687098 0.1229294734823934
0.6660951564509217 0.12293514990031358
0.6647235319331333 0.12294117410052034
0.6633519074153451 0.12294675443630841
0.6619802828975568 0.12295248134179568
0.6606086583797686 0.12295892951436573
0.6592370338619803 0.12296456876816685
0.657865409344192 0.1229702533479223
0.6564937848264039 0.12297638309563093
0.6551221603086155 0.1229822760399074
0.6537505357908273 0.12298783326636911
0.652378911273039 0.12299400384568812
0.6510072867552508 0.12299972215392874
0.6496356622374625 0.12300595724652308
0.6482640377196742 0.12301202768625825
0.6468924132018861 0.12301776528420284
0.6455207886840978 0.1230235222335363
0.6441491641663095 0.12302916475248787
0.6427775396485212 0.123034912910856
0.641405915130733 0.12304045553708587
0.6400342906129447 0.12304601441398991
0.6386626660951564 0.12305193986903978
0.6372910415773683 0.12305779713150425
0.63591941705958 0.12306371973968974
0.6345477925417917 0.12306964277584082
0.6331761680240034 0.12307562229288281
0.6318045435062152 0.12308170149237677
0.630432918988427 0.12308774129690243
0.6290612944706386 0.12309391959500121
0.6276896699528505 0.12310013825111783
0.6263180454350622 0.1231063002212976
0.6249464209172739 0.12311234898558755
0.6235747963994857 0.1231184804979082
0.6222031718816974 0.12312471877579931
0.6208315473639092 0.12313109369320466
0.6194599228461208 0.12313728825986711
0.6180882983283327 0.12314357871326534
0.6167166738105444 0.1231498655927265
0.6153450492927561 0.12315618122929736
0.6139734247749679 0.12316249145710766
0.6126018002571796 0.12316899508930072
0.6112301757393914 0.12317539725854322
0.6098585512216032 0.12318181349164005
0.6084869267038148 0.12318820962418055
0.6071153021860265 0.12319475438860468
0.6057436776682382 0.12320119685406214
0.6043720531504501 0.12320749497139986
0.6030004286326617 0.1232141461405176
0.6016288041148736 0.12322061808187446
0.6002571795970854 0.1232276723538968
0.5988855550792971 0.12323385384990751
0.5975139305615088 0.12324026573961559
0.5961423060437205 0.12324699995022326
0.5947706815259323 0.12325378176073186
0.593399057008144 0.12325991379726912
0.5920274324903558 0.12326660058273378
0.5906558079725676 0.12327390141951221
0.5892841834547793 0.12328008017022478
0.587912558936991 0.1232870054558129
0.5865409344192027 0.12329323817093558
0.5851693099014146 0.12329973217825826
0.5837976853836262 0.12330647266754773
0.5824260608658379 0.12331326285038179
0.5810544363480498 0.12332014182693977
0.5796828118302615 0.12332679889680966
0.5783111873124732 0.1233335879944662
0.576939562794685 0.1233405336855347
0.5755679382768968 0.12334733266883974
0.5741963137591085 0.12335416163322342
0.5728246892413202 0.12336110994702425
0.571453064723532 0.12336803082538846
0.5700814402057437 0.12337495725971671
0.5687098156879554 0.12338199498823878
0.5673381911701671 0.12338894406284678
0.565966566652379 0.12339596964279748
0.5645949421345907 0.12340302300312528
0.5632233176168024 0.12341008567276192
0.5618516930990142 0.12341715750570022
0.5604800685812258 0.12342423099935337
0.5591084440634376 0.12343131314645772
0.5577368195456494 0.12343849266441266
0.5563651950278612 0.12344568177716544
0.5549935705100729 0.12345286571373935
0.5536219459922846 0.12346004070201168
0.5522503214744964 0.1234673260204487
0.5508786969567081 0.12347460857676794
0.5495070724389199 0.12348184184722455
0.5481354479211316 0.12348908550675985
0.5467638234033434 0.12349642919392143
0.5453921988855551 0.12350369882673413
0.5440205743677669 0.12351100804232387
0.5426489498499786 0.12351840416067812
0.5412773253321903 0.12352580644000738
0.5399057008144021 0.12353318467893967
0.5385340762966138 0.12354058229216663
0.5371624517788256 0.12354809123946156
0.5357908272610373 0.12355559962285596
0.534419202743249 0.12356311357113761
0.5330475782254608 0.12357063375734265
0.5316759537076725 0.12357815838088815
0.5303043291898843 0.12358578495744894
0.5289327046720961 0.12359341202640416
0.5275610801543078 0.12360104128580476
0.5261894556365195 0.12360867728039501
0.5248178311187313 0.12361631517461973
0.523446206600943 0.12362396206965405
0.5220745820831547 0.12363170928823233
0.5207029575653666 0.12363945266851285
0.5193313330475783 0.12364721222811773
0.51795970852979 0.12365497321964719
0.5165880840120017 0.12366273608695164
0.5152164594942135 0.12367059396950253
0.5138448349764252 0.1236784540589906
0.5124732104586369 0.12368632707612794
0.5111015859408488 0.1236942968373598
0.5097299614230605 0.12370226797542601
0.5083583369052722 0.1237101236032732
0.5069867123874839 0.12371811934309508
0.5056150878696957 0.12372620103616762
0.5042434633519074 0.12373431864456977
0.5028718388341192 0.12374227751855404
0.501500214316331 0.12375025779657389
0.5001285897985427 0.12375842356879074
0.49875696528075447 0.12376662094237074
0.49738534076296614 0.12377471564104499
0.496013716245178 0.12378291601071918
0.4946420917273897 0.12379112462373656
0.49327046720960144 0.12379933480604177
0.49189884269181317 0.12380764653443127
0.4905272181740249 0.12381596326282678
0.48915559365623656 0.12382428246153669
0.48778396913844835 0.12383260626597181
0.4864123446206602 0.1238409333556996
0.48504072010287186 0.1238493642137779
0.48366909558508364 0.12385779500120846
0.4822974710672954 0.12386623209907902
0.4809258465495071 0.12387477229596254
0.4795542220317188 0.12388331523821323
0.47818259751393066 0.12389186329304626
0.47681097299614233 0.12390041436308466
0.4754393484783541 0.12390896740770402
0.4740677239605659 0.12391762532659978
0.4726960994427775 0.12392628533369898
0.47132447492498936 0.12393495050867072
0.4699528504072011 0.12394361870612913
0.4685812258894128 0.12395229078105624
0.4672096013716246 0.12396106522528355
0.4658379768538364 0.12396994317969726
0.464466352336048 0.12397882581681431
0.4630947278182598 0.1239876128685212
0.4617231033004715 0.12399650298428669
0.4603514787826833 0.12400549716189173
0.458979854264895 0.1240143958072379
0.45760822974710674 0.12402329817648862
0.4562366052293186 0.124032304853458
0.45486498071153025 0.12404141530622395
0.453493356193742 0.1240505302344916
0.4521217316759537 0.12405964841781768
0.4507501071581655 0.12406877002268567
0.4493784826403772 0.12407789866754947
0.44800685812258895 0.12408712859744103
0.44663523360480073 0.1240963635039363
0.44526360908701246 0.12410560258943946
0.44389198456922413 0.1241149466493732
0.4425203600514359 0.1241242962648898
0.4411487355336477 0.1241336446289328
0.4397771110158594 0.12414300085134126
0.4384054864980712 0.12415236036934944
0.43703386198028293 0.12416182558089206
0.43566223746249466 0.12417139611596344
0.4342906129447064 0.12418097125798482
0.4329189884269182 0.12419055092683842
0.4315473639091299 0.12420013510466653
0.4301757393913416 0.1242097238068623
0.4288041148735534 0.12421941797778359
0.42743249035576514 0.12422911684202594
0.42606086583797687 0.1242389213840088
0.4246892413201886 0.12424873075527222
0.4233176168024004 0.12425854460744842
0.4219459922846121 0.1242683633040499
0.42057436776682383 0.12427818668655762
0.4192027432490356 0.12428811617001324
0.41783111873124734 0.12429815190439844
0.41645949421345907 0.12430819272841105
0.41508786969567085 0.12431823846952077
0.4137162451778826 0.12432828924071729
0.4123446206600943 0.12433834519559181
0.4109729961423061 0.1243485078314569
0.4096013716245178 0.12435867558775175
0.4082297471067295 0.12436895046678291
0.4068581225889413 0.12437923059691282
0.40548649807115306 0.1243895160780495
0.4041148735533648 0.12439990866143374
0.4027432490355765 0.12441030697985364
0.40137162451778824 0.12442071069234024
0.4 0.12443122223273337
