examples/data/HD209458b.csv
# %ECSV 1.0
# ---
# datatype:
# - {name: Wavelength, unit: um, datatype: float64}
# - {name: rp/rs, datatype: float64}
# schema: astropy-2.0
Wavelength rp/rs
[from data line 1282]
8.241577368195458 0.12649592472639878
8.240205743677668 0.126775628564725
8.23883411915988 0.12662404684338746
8.237462494642092 0.12641795097256703
8.236090870124304 0.12729797163471143
8.234719245606515 0.1268771875760047
8.233347621088727 0.12597738141445217
8.23197599657094 0.1261308996253752
8.23060437205315 0.12631902026442715
8.229232747535363 0.1261516499831483
8.227861123017574 0.12608260338612237
8.226489498499786 0.1266372930775449
8.225117873981997 0.12623381224302696
8.22374624946421 0.12613412556101075
8.222374624946422 0.12685448633870805
8.221003000428633 0.1265427601791065
8.219631375910845 0.12596370275323207
8.218259751393056 0.12605916269706174
8.216888126875268 0.12613786208050579
8.21551650235748 0.12711842559199257
8.214144877839692 0.1267559845017668
8.212773253321904 0.1268558111718627
8.211401628804115 0.12691584226405617
8.210030004286327 0.12716943852864832
8.208658379768538 0.12602011580438754
8.20728675525075 0.12614465695056576
8.205915130732961 0.1265778569769329
8.204543506215174 0.1263916575918215
8.203171881697386 0.1263267732414975
8.201800257179597 0.12620348093244652
8.20042863266181 0.12638454275309363
8.19905700814402 0.12611471477636338
8.197685383626233 0.1269959555406589
8.196313759108444 0.1263451828235245
8.194942134590656 0.1274641306402315
8.193570510072869 0.1269085328865245
8.19219888555508 0.12633899855592023
8.190827261037292 0.126966913740081
8.189455636519503 0.1265191105852034
8.188084012001715 0.12608672360225442
8.186712387483926 0.12747375346890905
8.185340762966138 0.12701767069450412
8.18396913844835 0.12636872427566817
8.182597513930562 0.1266115155741905
8.181225889412774 0.1261642950339514
8.179854264894985 0.12647035100129905
8.178482640377197 0.1264647217373197
8.177111015859408 0.12639088860377118
8.17573939134162 0.12694403287621317
8.174367766823833 0.1268606062989674
8.172996142306044 0.1270678200702677
8.171624517788256 0.12652504376985105
8.170252893270467 0.12683203468537213
8.16888126875268 0.1266013025487091
8.16750964423489 0.12626946936645386
8.166138019717103 0.1262475423912206
8.164766395199315 0.12663719041849142
8.163394770681526 0.1271730657336828
8.162023146163738 0.12607866869032391
8.16065152164595 0.12646112289339634
8.159279897128162 0.12729292119633842
8.157908272610372 0.1268670606960192
8.156536648092585 0.126657425369454
8.155165023574797 0.12616665048292036
8.153793399057008 0.12634899845344297
8.15242177453922 0.12603940269598193
8.151050150021431 0.12731362677320593
8.149678525503644 0.12662828653538175
8.148306900985855 0.12745586406088855
8.146935276468067 0.12613928357066012
8.14556365195028 0.12630172704071294
8.14419202743249 0.12648647739562444
8.142820402914703 0.12587661041407128
8.141448778396914 0.1268401825559837
8.140077153879126 0.1266143887240487
8.138705529361337 0.12703051662655454
8.13733390484355 0.12633041385755397
8.135962280325762 0.12648684469717536
8.134590655807973 0.12636339933570898
8.133219031290185 0.12662360126420796
8.131847406772396 0.12663537578735753
8.130475782254608 0.12625988982833555
8.129104157736819 0.12821776314336666
8.127732533219032 0.12682568078581388
8.126360908701244 0.1267332151155908
8.124989284183455 0.12623724599951724
8.123617659665667 0.12641228183922437
8.122246035147878 0.126286337379754
8.12087441063009 0.12624635390715436
8.119502786112301 0.1272848446226941
8.118131161594514 0.12678137141351298
8.116759537076726 0.126048799120775
8.115387912558937 0.12652093243810864
8.11401628804115 0.12626035112402742
8.11264466352336 0.1262612448193656
8.111273039005573 0.12693729672103773
8.109901414487783 0.1262076720077842
8.108529789969996 0.12648135831167914
8.107158165452208 0.12602418407444688
8.10578654093442 0.12646824672476542
8.104414916416632 0.1265244138978196
8.103043291898842 0.1260850306158934
8.101671667381055 0.12620576519287782
8.100300042863266 0.12656043726457633
8.098928418345478 0.12638065573218257
8.09755679382769 0.12692293439237337
8.096185169309901 0.12629434699129666
8.094813544792114 0.12636704796813933
8.093441920274325 0.12659491964134412
8.092070295756537 0.12651876303384577
8.090698671238748 0.12747378977866625
8.08932704672096 0.12630745536359775
8.087955422203173 0.12642665001880835
8.086583797685384 0.12618179600185453
8.085212173167596 0.12637812250146205
8.083840548649807 0.12699231819480916
8.08246892413202 0.12631227847921597
8.08109729961423 0.12751537887790843
8.079725675096443 0.12631214178310865
8.078354050578655 0.12700957819515346
8.076982426060866 0.1261639024707173
8.075610801543078 0.12647692459670698
8.074239177025289 0.12645631571561175
8.072867552507502 0.12711071588908482
8.071495927989712 0.1269569796658039
8.070124303471925 0.12683517671518477
8.068752678954137 0.1260948409796077
8.067381054436348 0.12615095164326431
8.06600942991856 0.12645275659445213
8.064637805400771 0.126438857419534
8.063266180882984 0.1261554340203477
8.061894556365194 0.12660299065251196
8.060522931847407 0.12728200667717043
8.05915130732962 0.1266649006659138
8.05777968281183 0.12644964940899767
8.056408058294043 0.12647793181982978
8.055036433776253 0.1268200210708203
8.053664809258466 0.1262995490138348
8.052293184740677 0.12693012997809422
8.05092156022289 0.12678295011803548
8.049549935705102 0.12634322735037246
8.048178311187312 0.1268823889297331
8.046806686669525 0.1266341611556793
8.045435062151736 0.12697647668648698
8.044063437633948 0.12649302377853633
8.042691813116159 0.12715070831265643
8.041320188598371 0.1263896984110045
8.039948564080584 0.1261801350598209
8.038576939562795 0.1267900606289648
8.037205315045007 0.1265249055768567
8.035833690527218 0.12680347173008047
8.03446206600943 0.12745793031817726
8.033090441491641 0.12684031341599436
8.031718816973854 0.1267875927881847
8.030347192456066 0.126263381510311
8.028975567938277 0.12643720149088966
8.02760394342049 0.12631362360492604
8.0262323189027 0.12654511398193427
8.024860694384913 0.1270339039093683
8.023489069867123 0.12695528573796838
8.022117445349336 0.12693320437934605
8.020745820831548 0.12689793123203394
8.019374196313759 0.12654782570044554
8.018002571795972 0.1271373631345982
8.016630947278182 0.12837203480112067
8.015259322760395 0.12648365297346112
8.013887698242605 0.12755851793689132
8.012516073724818 0.12690815185573506
8.01114444920703 0.12661365548587072
8.009772824689241 0.12718352954418521
8.008401200171454 0.12650357269912707
8.007029575653664 0.12626645507086265
8.005657951135877 0.12642995760186998
8.004286326618088 0.12651093872690822
8.0029147021003 0.12649310301373232
8.001543077582513 0.12640762461076166
8.000171453064723 0.12637595738022017
7.998799828546935 0.1265244103102992
7.9974282040291484 0.12641564187479395
7.99605657951136 0.12622893390502982
7.994684954993571 0.12703430083355158
7.993313330475784 0.12643865696842282
7.991941705957996 0.12655881387405676
7.990570081440206 0.1267339377431939
7.989198456922418 0.12700986369663703
7.987826832404631 0.1265611956594041
7.986455207886841 0.12643763580812042
7.985083583369052 0.12638659235284014
7.9837119588512655 0.12683957568416357
7.982340334333477 0.12708779398621922
7.980968709815689 0.1265642481986794
7.9795970852979 0.12685033819519898
7.978225460780111 0.1268591991764544
7.976853836262323 0.1273782106119951
7.975482211744535 0.12641187475400043
7.974110587226748 0.12667775881227034
7.97273896270896 0.126391348468312
7.97136733819117 0.1265638880743794
7.969995713673382 0.12661254057613802
7.968624089155594 0.12698541010736739
7.967252464637806 0.12683013087051725
7.965880840120017 0.1266379972311583
7.964509215602231 0.12769307472526364
7.963137591084442 0.12696419235753137
7.961765966566653 0.1267849352658498
7.960394342048865 0.12670831852471412
7.959022717531076 0.12692461803778574
7.957651093013287 0.1266420566317892
7.9562794684955005 0.12712192607828596
7.954907843977711 0.12702648506379322
7.953536219459923 0.12701662305475056
7.952164594942135 0.12652839296080542
7.950792970424348 0.12621024739991227
7.949421345906558 0.12652841363922832
7.948049721388769 0.12701277792013138
7.946678096870982 0.12673029551482842
7.945306472353194 0.12677432599128968
7.943934847835405 0.12633276483564884
7.9425632233176175 0.12635327518213135
7.941191598799829 0.12669897273718012
7.93981997428204 0.12745643705604273
7.9384483497642515 0.12663960952583783
7.937076725246465 0.12615135434501598
7.9357051007286765 0.1264903028304651
7.934333476210887 0.1267458480393085
7.9329618516931 0.12689833201707323
7.9315902271753105 0.12650542743147092
7.930218602657523 0.12670182964497906
7.928846978139735 0.12683278563953415
7.927475353621946 0.1266279204755793
7.926103729104159 0.12682432493741227
7.92473210458637 0.12684667111595174
7.923360480068582 0.12685390138060185
7.921988855550793 0.1271359806209923
7.920617231033006 0.12652283150436466
7.919245606515217 0.12690051327124474
7.917873981997429 0.12702631871000575
7.916502357479641 0.1268540012608104
7.915130732961852 0.12700025742648854
7.913759108444065 0.1265744192790191
7.912387483926276 0.12666310885294113
7.911015859408487 0.12726766401425924
7.909644234890699 0.12637933248096642
7.908272610372911 0.1271517382411957
7.906900985855123 0.12775400399023645
7.905529361337335 0.1274803765682354
7.904157736819546 0.12707526860097496
7.902786112301757 0.12716556545022828
7.90141448778397 0.12741272306448262
7.90004286326618 0.12676082495349303
7.898671238748393 0.12725202241697045
7.897299614230605 0.1269042640990047
7.895927989712817 0.12745749981030996
7.894556365195028 0.12753624404676453
7.89318474067724 0.12671995041534578
7.891813116159452 0.12736452863433223
7.890441491641663 0.12661206446175063
7.889069867123876 0.12780855175183212
7.887698242606088 0.1272628843429384
7.886326618088299 0.1278780308943228
7.884954993570511 0.126687445416166
7.883583369052722 0.12689208398128554
7.882211744534935 0.12642869056830583
7.880840120017146 0.12686436163635728
7.879468495499359 0.12656706467947573
7.87809687098157 0.12664172713979885
7.876725246463781 0.12679580483538525
7.875353621945993 0.12692277222421283
7.873981997428205 0.12733498728963863
7.872610372910416 0.1269679553296639
7.871238748392627 0.12672397461811907
7.869867123874841 0.12685744301836974
7.868495499357052 0.1274680564060525
7.867123874839264 0.12698062819899192
7.865752250321475 0.12676250913220322
7.864380625803687 0.12748469327275697
7.863009001285898 0.12699903671962795
7.861637376768111 0.1271078624833875
7.860265752250323 0.12689028566322344
7.858894127732533 0.12772600162942327
7.857522503214746 0.12747057530440248
7.856150878696958 0.12728015747829066
7.854779254179169 0.1270115400452294
7.85340762966138 0.12742605201399934
7.852036005143593 0.12699117269122503
7.850664380625805 0.12693570805722762
7.8492927561080155 0.12724586094797025
7.847921131590228 0.12716448206127376
7.84654950707244 0.12724580048078452
7.845177882554651 0.1268016972908153
7.843806258036863 0.1267983725538584
7.842434633519074 0.12693519185545557
7.841063009001288 0.12669623034406316
7.839691384483499 0.12700002266954452
7.83831975996571 0.1263801932799743
7.836948135447922 0.12710443080023512
7.8355765109301325 0.12709622676119542
7.834204886412346 0.12713677480692562
7.832833261894557 0.12695610614042485
7.831461637376768 0.12668462152076965
7.830090012858981 0.12698438287303834
7.828718388341192 0.1269891008007484
7.827346763823404 0.12730601818726406
7.825975139305616 0.12701705737278438
7.824603514787828 0.12690936147995202
7.823231890270038 0.12718562453814425
7.821860265752251 0.12718338991503184
7.820488641234462 0.12686550127370294
7.819117016716675 0.12725737629595985
7.817745392198886 0.127123297873622
7.816373767681097 0.12727512962835105
7.815002143163309 0.12762170228855046
7.813630518645521 0.12735910263240793
7.8122588941277336 0.1274582502982153
7.810887269609946 0.12683328524954196
7.809515645092157 0.12750124289624104
7.808144020574369 0.12738761651097782
7.80677239605658 0.12703925309596117
7.805400771538792 0.12747504428621706
7.804029147021004 0.12768837944256847
7.802657522503216 0.12729922703557883
7.801285897985427 0.12696886004880512
7.799914273467638 0.12739584999586234
7.798542648949851 0.12702799315363614
7.797171024432062 0.12721686554472963
7.795799399914273 0.1269755344317415
7.7944277753964855 0.1270023123966676
7.793056150878698 0.127160730618548
7.79168452636091 0.12733140060310588
7.790312901843121 0.1270109767235489
7.788941277325332 0.12707850217212582
7.787569652807545 0.12712175108298754
7.786198028289755 0.12675665687599025
7.784826403771968 0.1272083169091827
7.783454779254181 0.1269413390969932
7.782083154736393 0.12693857684423304
7.7807115302186025 0.1272378753165452
7.779339905700815 0.1272585933156624
7.777968281183027 0.12736121383606266
7.776596656665238 0.1268829011629473
7.77522503214745 0.12685795534107222
7.7738534076296615 0.12702553707779735
7.772481783111874 0.12745559955557315
7.771110158594086 0.12694642148908794
7.769738534076297 0.1269584954938505
7.768366909558509 0.12686361484316266
7.7669952850407205 0.1275690460543749
7.765623660522933 0.12703301205840542
7.764252036005144 0.12713440057475936
7.762880411487356 0.128077270554609
7.761508786969567 0.12699813809917757
7.760137162451779 0.12703837767662626
7.75876553793399 0.12788315843593706
7.757393913416203 0.12655460836728394
7.756022288898415 0.12667063605775591
7.754650664380627 0.12726000104587346
7.753279039862839 0.12735769850957832
7.75190741534505 0.12722276336551924
7.750535790827262 0.1277011547607662
7.749164166309473 0.12797757706622706
7.747792541791685 0.1281685840170394
7.746420917273897 0.1272874164005899
7.745049292756109 0.12702461764360873
7.743677668238321 0.12711276101165137
7.742306043720532 0.12755086583313494
7.740934419202744 0.12753082248968725
7.7395627946849554 0.12768951436071613
7.738191170167167 0.127895838483046
7.73681954564938 0.1275943429571692
7.735447921131592 0.12729005287304004
7.734076296613803 0.12736528579425885
7.732704672096014 0.1267890154868625
7.731333047578226 0.12693839733819837
7.729961423060438 0.12718689274665673
7.728589798542649 0.12682416076969533
7.727218174024862 0.12681846307918304
7.725846549507074 0.12689931081302303
7.724474924989285 0.12683214605362664
7.723103300471497 0.1271468022667096
7.721731675953707 0.12693361684042054
7.720360051435919 0.12746174138046248
7.7189884269181315 0.1271017484027013
7.717616802400344 0.12683718022776141
7.716245177882555 0.12725216846596868
7.714873553364767 0.12712272623783555
7.71350192884698 0.12766983999176654
7.712130304329191 0.12662544493879163
7.710758679811403 0.12706474837799106
7.709387055293614 0.1274516827128821
7.708015430775826 0.1270738360315079
7.706643806258038 0.1266237543996206
7.705272181740249 0.12741310375432524
7.703900557222462 0.1273147572175686
7.702528932704673 0.1270621083443109
7.701157308186884 0.12704502406621354
7.699785683669096 0.12754141020719476
7.698414059151308 0.12683702185411488
7.697042434633521 0.1265789380629611
7.695670810115732 0.12658191030487023
7.694299185597943 0.12635611404648756
7.692927561080156 0.12701237058568485
7.6915559365623665 0.12677517693845253
7.690184312044578 0.12669671474157973
7.688812687526791 0.12704986737312804
7.687441063009002 0.1275195656559631
7.686069438491213 0.12665518015638058
7.684697813973426 0.1267489120863977
7.683326189455636 0.1267574649740833
7.681954564937849 0.12725949314468063
7.680582940420061 0.12727830905788884
7.679211315902274 0.12649083107081174
7.677839691384484 0.12653258464052522
7.676468066866696 0.12746079692545426
7.675096442348908 0.1261304190444147
7.673724817831118 0.1268403196461681
7.67235319331333 0.12693148038149574
7.6709815687955425 0.12673722194753687
7.669609944277755 0.12705061063324816
7.668238319759967 0.1263048947812084
7.666866695242178 0.12715794009276185
7.66549507072439 0.12716667059293754
7.664123446206602 0.12667481173695402
7.662751821688814 0.12658777756614437
7.661380197171024 0.12642257316713215
