examples/data/payload/spec-wl_sol.ecsv
# %ECSV 1.0
# ---
# datatype:
# - {name: Wavelength, unit: um, datatype: float64}
# - {name: y, unit: um, datatype: float64}
# - {name: x, unit: um, datatype: float64}
# delimiter: ','
# meta: !!omap
# - __serialized_columns__:
#     Wavelength:
#       __class__: astropy.units.quantity.Quantity
#       unit: &id001 !astropy.units.Unit {unit: um}
#       value: !astropy.table.SerializedColumn {name: Wavelength}
#     x:
#       __class__: astropy.units.quantity.Quantity
#       unit: *id001
#       value: !astropy.table.SerializedColumn {name: x}
#     y:
#       __class__: astropy.units.quantity.Quantity
#       unit: *id001
#       value: !astropy.table.SerializedColumn {name: y}
# schema: astropy-2.0
Wavelength,y,x
0.95,0.0,-1440.0
0.9798062593144561,0.0,-1410.9090909090908
1.009612518628912,0.0,-1381.8181818181818
1.0394187779433681,0.0,-1352.7272727272727
1.069225037257824,0.0,-1323.6363636363637
1.0990312965722802,0.0,-1294.5454545454545
1.1288375558867363,0.0,-1265.4545454545453
1.1586438152011922,0.0,-1236.3636363636365
1.1884500745156483,0.0,-1207.2727272727273
1.2182563338301042,0.0,-1178.1818181818182
1.2480625931445604,0.0,-1149.090909090909
1.2778688524590163,0.0,-1120.0
1.3076751117734724,0.0,-1090.909090909091
1.3374813710879285,0.0,-1061.8181818181818
1.3672876304023844,0.0,-1032.7272727272727
1.3970938897168406,0.0,-1003.6363636363636
1.4269001490312965,0.0,-974.5454545454546
1.4567064083457526,0.0,-945.4545454545455
1.4865126676602087,0.0,-916.3636363636363
1.5163189269746646,0.0,-887.2727272727273
1.5461251862891208,0.0,-858.1818181818181
1.5759314456035767,0.0,-829.0909090909091
1.6057377049180328,0.0,-800.0
1.6355439642324887,0.0,-770.909090909091
1.665350223546945,0.0,-741.8181818181818
1.695156482861401,0.0,-712.7272727272727
1.7249627421758569,0.0,-683.6363636363636
1.7547690014903128,0.0,-654.5454545454546
1.784575260804769,0.0,-625.4545454545455
1.814381520119225,0.0,-596.3636363636365
1.844187779433681,0.0,-567.2727272727273
1.873994038748137,0.0,-538.1818181818182
1.9038002980625932,0.0,-509.0909090909091
1.9336065573770491,0.0,-479.99999999999994
1.9634128166915052,0.0,-450.90909090909093
1.9932190760059614,0.0,-421.81818181818176
2.0230253353204173,0.0,-392.72727272727275
2.052831594634873,0.0,-363.6363636363636
2.082637853949329,0.0,-334.5454545454546
2.1124441132637855,0.0,-305.45454545454544
2.142250372578242,0.0,-276.36363636363626
2.1720566318926973,0.0,-247.2727272727274
2.2018628912071536,0.0,-218.18181818181824
2.2316691505216095,0.0,-189.0909090909091
2.2614754098360654,0.0,-159.99999999999994
2.2912816691505213,0.0,-130.90909090909105
2.3210879284649777,0.0,-101.8181818181819
2.3508941877794336,0.0,-72.72727272727275
2.38070044709389,0.0,-43.6363636363636
2.410506706408346,0.0,-14.545454545454447
2.4403129657228018,0.0,14.545454545454447
2.4701192250372577,0.0,43.6363636363636
2.499925484351714,0.0,72.72727272727275
2.52973174366617,0.0,101.8181818181819
2.559538002980626,0.0,130.9090909090908
2.589344262295082,0.0,159.99999999999994
2.619150521609538,0.0,189.0909090909091
2.648956780923994,0.0,218.18181818181824
2.67876304023845,0.0,247.27272727272714
2.708569299552906,0.0,276.36363636363626
2.738375558867362,0.0,305.45454545454544
2.7681818181818185,0.0,334.5454545454546
2.797988077496274,0.0,363.6363636363635
2.8277943368107303,0.0,392.72727272727263
2.8576005961251862,0.0,421.81818181818176
2.8874068554396426,0.0,450.90909090909093
2.9172131147540985,0.0,480.0000000000001
2.9470193740685544,0.0,509.090909090909
2.9768256333830103,0.0,538.1818181818181
3.0066318926974667,0.0,567.2727272727273
3.0364381520119226,0.0,596.3636363636365
3.0662444113263785,0.0,625.4545454545453
3.0960506706408344,0.0,654.5454545454545
3.1258569299552907,0.0,683.6363636363636
3.1556631892697466,0.0,712.7272727272727
3.1854694485842026,0.0,741.8181818181816
3.215275707898659,0.0,770.9090909090908
3.245081967213115,0.0,800.0
3.2748882265275707,0.0,829.0909090909091
3.3046944858420266,0.0,858.181818181818
3.3345007451564834,0.0,887.2727272727275
3.364307004470939,0.0,916.3636363636363
3.394113263785395,0.0,945.4545454545453
3.423919523099851,0.0,974.5454545454546
3.453725782414307,0.0,1003.6363636363635
3.4835320417287634,0.0,1032.727272727273
3.513338301043219,0.0,1061.8181818181818
3.5431445603576748,0.0,1090.9090909090908
3.5729508196721316,0.0,1120.0
3.6027570789865875,0.0,1149.090909090909
3.6325633383010434,0.0,1178.181818181818
3.6623695976154993,0.0,1207.2727272727273
3.692175856929955,0.0,1236.3636363636363
3.7219821162444116,0.0,1265.4545454545455
3.7517883755588675,0.0,1294.5454545454545
3.7815946348733234,0.0,1323.6363636363635
3.8114008941877797,0.0,1352.7272727272727
3.8412071535022356,0.0,1381.8181818181818
3.8710134128166915,0.0,1410.909090909091
3.9008196721311474,0.0,1440.0
